logs/translation_input: tensor([[-0.0265,  0.1326,  0.0649,  0.0104,  0.0156, -0.0575,  0.0614, -0.2097,
          0.0412, -0.0847, -0.1100,  0.0632,  0.0991, -0.0026, -0.2998, -0.2302,
         -0.1220, -0.0567, -0.0088, -0.0824, -0.1032, -0.1162,  0.0534, -0.1238,
         -0.1432, -0.2009, -0.0531,  0.0998, -0.1608,  0.1304,  0.0853, -0.0614,
         -0.2568,  0.0380, -0.1834,  0.1241,  0.1677,  0.1710,  0.0969,  0.0310,
          0.1100,  0.0336, -0.2253,  0.0605,  0.0215,  0.0926, -0.0305, -0.0736,
          0.0155, -0.2287, -0.0777, -0.0482, -0.1014,  0.0099,  0.0007, -0.2286,
         -0.0757,  0.0449,  0.1133,  0.0045,  0.0337,  0.0663, -0.0824,  0.0012,
         -0.0458, -0.0626, -0.2109,  0.0995, -0.2254, -0.2044, -0.2715, -0.0262,
         -0.2947,  0.0498, -0.1822, -0.1728]], grad_fn=<MeanBackward1>) - tensor([[2.2099, 2.3018, 2.1841, 2.1300, 2.2299, 2.4198, 2.4814, 2.9157, 2.9434,
         2.6304, 2.7128, 2.0961, 2.2805, 2.1863, 2.9561, 2.7327, 2.3691, 2.2811,
         2.0729, 2.2318, 2.3864, 2.1907, 2.5272, 2.6924, 2.7040, 2.6604, 2.7554,
         2.2936, 2.8898, 2.4446, 3.0640, 3.1736, 3.2381, 2.8272, 3.0965, 2.9420,
         2.8075, 2.7656, 2.9430, 2.8379, 2.8537, 2.5933, 2.6124, 2.1697, 1.9936,
         1.6193, 2.0420, 2.2648, 2.5288, 2.6582, 2.5181, 2.7017, 2.4410, 2.3964,
         1.9794, 2.4435, 2.1135, 2.1870, 1.8577, 1.9521, 2.0263, 1.8873, 2.0479,
         1.9272, 2.0751, 2.3106, 2.4725, 2.1783, 2.7916, 2.8527, 3.1341, 2.8414,
         3.3278, 3.2118, 3.3483, 3.3710]], grad_fn=<StdBackward0>)
